<roblox xmlns:xmime="http://www.w3.org/2005/05/xmlmime" xmlns:xsi="http://www.w3.org/2001/XMLSchema-instance" xsi:noNamespaceSchemaLocation="http://www.roblox.com/roblox.xsd" version="4">
	<Meta name="ExplicitAutoJoints">true</Meta>
	<External>null</External>
	<External>nil</External>
	<Item class="Folder" referent="RBX3D4C984097574CAD85D00C2998E21627">
		<Properties>
			<BinaryString name="AttributesSerialize"></BinaryString>
			<SecurityCapabilities name="Capabilities">0</SecurityCapabilities>
			<bool name="DefinesCapabilities">false</bool>
			<string name="Name">ACCESSORIES</string>
			<int64 name="SourceAssetId">-1</int64>
			<BinaryString name="Tags"></BinaryString>
		</Properties>
		<Item class="Folder" referent="RBXCA550B1442F24E3E91F757D6E8E13E3A">
			<Properties>
				<BinaryString name="AttributesSerialize"></BinaryString>
				<SecurityCapabilities name="Capabilities">0</SecurityCapabilities>
				<bool name="DefinesCapabilities">false</bool>
				<string name="Name">Head</string>
				<int64 name="SourceAssetId">-1</int64>
				<BinaryString name="Tags"></BinaryString>
			</Properties>
			<Item class="ModuleScript" referent="RBXDED2A00AA35448B4A597148975B19999">
				<Properties>
					<Content name="LinkedSource"><null></null></Content>
					<ProtectedString name="Source"><![CDATA[
local module = {
	[1] = {
		["Transparency"] = 0,
		["Name"] = "Part",
		["Shape"] = Enum.PartType.Cylinder,
		["Color"] = Color3.fromRGB(27, 42, 53),
		["Material"] = Enum.Material.SmoothPlastic,
		["WeldC0"] = CFrame.new(-0.559238434, -0.00855731964, -0.00256347656, 1, -1.66607231e-27, -2.13162821e-14, -2.13162821e-14, 2.34478832e-13, 1, 1.66607231e-27, -1, -2.34478832e-13),
		["Size"] = Vector3.new(0.118150, 0.922316, 0.656704)
	},
	[2] = {
		["Transparency"] = 0,
		["Name"] = "Part",
		["Shape"] = Enum.PartType.Cylinder,
		["Color"] = Color3.fromRGB(27, 42, 53),
		["Material"] = Enum.Material.SmoothPlastic,
		["WeldC0"] = CFrame.new(-0.0218353271, -0.30855751, -0.709693909, -1, 1.66607231e-27, -2.13162821e-14, 2.13162821e-14, -2.34478832e-13, 1, -1.66607231e-27, 1, -2.34478832e-13),
		["Size"] = Vector3.new(0.232000, 0.117000, 0.117000)
	},
	[3] = {
		["Transparency"] = 0,
		["Name"] = "Part",
		["Shape"] = Enum.PartType.Block,
		["Color"] = Color3.fromRGB(27, 42, 53),
		["Material"] = Enum.Material.SmoothPlastic,
		["WeldC0"] = CFrame.new(-0.575260162, -0.30855751, -0.187561035, -1, -1.66607231e-27, 2.13162821e-14, 2.13162821e-14, 2.34478832e-13, -1, -1.66607231e-27, -1, 2.34478832e-13),
		["Size"] = Vector3.new(0.058150, 0.492316, 0.056704)
	},
	[4] = {
		["Transparency"] = 0,
		["Name"] = "Part",
		["Shape"] = Enum.PartType.Block,
		["Color"] = Color3.fromRGB(27, 42, 53),
		["Material"] = Enum.Material.SmoothPlastic,
		["WeldC0"] = CFrame.new(-0.506954193, -0.30855751, -0.51550293, -0.866025448, 0.50000006, 2.13162821e-14, 1.35699855e-13, 1.92406475e-13, -1, -0.50000006, -0.866025448, 2.34478832e-13),
		["Size"] = Vector3.new(0.058150, 0.342316, 0.056704)
	},
	[5] = {
		["Transparency"] = 0,
		["Name"] = "Part",
		["Shape"] = Enum.PartType.Block,
		["Color"] = Color3.fromRGB(27, 42, 53),
		["Material"] = Enum.Material.SmoothPlastic,
		["WeldC0"] = CFrame.new(-0.298065186, -0.30855751, -0.679527283, -0.258819103, 0.965925872, 2.13162821e-14, 2.32006227e-13, 4.00976486e-14, -1, -0.965925872, -0.258819103, 2.34478832e-13),
		["Size"] = Vector3.new(0.058150, 0.342316, 0.056704)
	},
	[6] = {
		["Transparency"] = 0,
		["Name"] = "Part",
		["Shape"] = Enum.PartType.Cylinder,
		["Color"] = Color3.fromRGB(27, 42, 53),
		["Material"] = Enum.Material.SmoothPlastic,
		["WeldC0"] = CFrame.new(-0.599239349, -0.00855731964, -0.00256347656, 1, -1.66607231e-27, -2.13162821e-14, -2.13162821e-14, 2.34478832e-13, 1, 1.66607231e-27, -1, -2.34478832e-13),
		["Size"] = Vector3.new(0.118150, 0.442316, 0.656704)
	},
	[7] = {
		["Transparency"] = 0,
		["Name"] = "Part",
		["Shape"] = Enum.PartType.Ball,
		["Color"] = Color3.fromRGB(27, 42, 53),
		["Material"] = Enum.Material.SmoothPlastic,
		["WeldC0"] = CFrame.new(0.0881652832, -0.30855751, -0.709693909, -1, 1.66607231e-27, -2.13162821e-14, 2.13162821e-14, -2.34478832e-13, 1, -1.66607231e-27, 1, -2.34478832e-13),
		["Size"] = Vector3.new(0.232000, 0.117000, 0.117000)
	}
}

return module
]]></ProtectedString>
					<string name="ScriptGuid">{35C3CA54-7C95-41BE-A408-6D25E7B3EF39}</string>
					<BinaryString name="AttributesSerialize"></BinaryString>
					<SecurityCapabilities name="Capabilities">0</SecurityCapabilities>
					<bool name="DefinesCapabilities">false</bool>
					<string name="Name">Microphone</string>
					<int64 name="SourceAssetId">-1</int64>
					<BinaryString name="Tags"></BinaryString>
				</Properties>
			</Item>
			<Item class="ModuleScript" referent="RBX02C55347A1FF46D8BBA999A4D442735D">
				<Properties>
					<Content name="LinkedSource"><null></null></Content>
					<ProtectedString name="Source"><![CDATA[
local module = {
	[1] =    {
		["Color"] = Color3.new(0.105882, 0.164706, 0.207843), -- color3.new()
		["Material"] = Enum.Material.SmoothPlastic,
		["Name"] = "Part",
		["Shape"] = Enum.PartType.Cylinder,
		["Size"] = Vector3.new(0.118149728, 0.922316313, 0.65670383), -- vector 3
		["Transparency"] = 0,
		["WeldC0"] = CFrame.new(-0.559238434, -0.0059967041, 0, 1, -7.10542736e-15, 0, -7.10542736e-15, 1, -7.81596061e-14, 0, -7.81596061e-14, 1) -- cframe
	},
	[2] =    {
		["Color"] = Color3.new(0.105882, 0.164706, 0.207843),
		["Material"] = Enum.Material.SmoothPlastic,
		["Name"] = "Part",
		["Shape"] = Enum.PartType.Block,
		["Size"] = Vector3.new(0.0781497285, 0.492316306, 0.316703826),
		["Transparency"] = 0,
		["WeldC0"] = CFrame.new(0.54076004, 0.179003239, 0, 1, -7.10542736e-15, 0, -7.10542736e-15, 1, -7.81596061e-14, 0, -7.81596061e-14, 1)
	},
	[3] =    {
		["Color"] = Color3.new(0.105882, 0.164706, 0.207843),
		["Material"] = Enum.Material.SmoothPlastic,
		["Name"] = "Part",
		["Shape"] = Enum.PartType.Block,
		["Size"] = Vector3.new(0.118149728, 0.3423163, 0.316703826),
		["Transparency"] = 0,
		["WeldC0"] = CFrame.new(0.522453308, 0.416944027, 0, 0.965925813, -0.258819044, 0, 0.258819044, 0.965925813, -7.81596061e-14, -2.02291949e-14, -7.54963786e-14, 1)
	},
	[4] =    {
		["Color"] = Color3.new(0.105882, 0.164706, 0.207843),
		["Material"] = Enum.Material.SmoothPlastic,
		["Name"] = "Part",
		["Shape"] = Enum.PartType.Block,
		["Size"] = Vector3.new(0.118149728, 0.3423163, 0.316703826),
		["Transparency"] = 0,
		["WeldC0"] = CFrame.new(0.333568573, 0.580964088, 0, 0.258819163, -0.965926111, 0, 0.965926111, 0.258819163, -7.81596061e-14, -7.54964057e-14, -2.02292034e-14, 1)
	},
	[5] =    {
		["Color"] = Color3.new(0.105882, 0.164706, 0.207843),
		["Material"] = Enum.Material.SmoothPlastic,
		["Name"] = "Part",
		["Shape"] = Enum.PartType.Block,
		["Size"] = Vector3.new(0.118149728, 0.3423163, 0.316703826),
		["Transparency"] = 0,
		["WeldC0"] = CFrame.new(0.0735683441, 0.630964279, 0, -7.10542736e-15, -1, 0, 1, 7.10542736e-15, -7.81596061e-14, -7.81596061e-14, 0, 1)
	},
	[6] =    {
		["Color"] = Color3.new(0.105882, 0.164706, 0.207843),
		["Material"] = Enum.Material.SmoothPlastic,
		["Name"] = "Part",
		["Shape"] = Enum.PartType.Cylinder,
		["Size"] = Vector3.new(0.118149728, 0.922316313, 0.65670383),
		["Transparency"] = 0,
		["WeldC0"] = CFrame.new(0.564739227, -0.0059967041, 0, -1, -7.10542736e-15, -0, 7.10542736e-15, 1, 7.81596061e-14, 0, -7.81596061e-14, -1)
	},
	[7] =    {
		["Color"] = Color3.new(0.105882, 0.164706, 0.207843),
		["Material"] = Enum.Material.SmoothPlastic,
		["Name"] = "Part",
		["Shape"] = Enum.PartType.Block,
		["Size"] = Vector3.new(0.0781497285, 0.492316306, 0.316703826),
		["Transparency"] = 0,
		["WeldC0"] = CFrame.new(-0.535259247, 0.179003239, 0, -1, -7.10542736e-15, -0, 7.10542736e-15, 1, 7.81596061e-14, 0, -7.81596061e-14, -1)
	},
	[8] =    {
		["Color"] = Color3.new(0.105882, 0.164706, 0.207843),
		["Material"] = Enum.Material.SmoothPlastic,
		["Name"] = "Part",
		["Shape"] = Enum.PartType.Block,
		["Size"] = Vector3.new(0.118149728, 0.3423163, 0.316703826),
		["Transparency"] = 0,
		["WeldC0"] = CFrame.new(-0.516952515, 0.416944027, 0, -0.965925813, 0.258819044, -0, 0.258819044, 0.965925813, 7.81596061e-14, -2.02291949e-14, -7.54963786e-14, -1)
	},
	[9] =    {
		["Color"] = Color3.new(0.105882, 0.164706, 0.207843),
		["Material"] = Enum.Material.SmoothPlastic,
		["Name"] = "Part",
		["Shape"] = Enum.PartType.Block,
		["Size"] = Vector3.new(0.118149728, 0.3423163, 0.316703826),
		["Transparency"] = 0,
		["WeldC0"] = CFrame.new(-0.32806778, 0.580964088, 0, -0.258819163, 0.965926111, -0, 0.965926111, 0.258819163, 7.81596061e-14, -7.54964057e-14, -2.02292034e-14, -1)
	},
	[10] =    {
		["Color"] = Color3.new(0.105882, 0.164706, 0.207843),
		["Material"] = Enum.Material.SmoothPlastic,
		["Name"] = "Part",
		["Shape"] = Enum.PartType.Block,
		["Size"] = Vector3.new(0.118149728, 0.3423163, 0.316703826),
		["Transparency"] = 0,
		["WeldC0"] = CFrame.new(-0.0680675507, 0.630964279, 0, -7.10542736e-15, 1, -0, 1, -7.10542736e-15, 7.81596061e-14, -7.81596061e-14, 0, -1)
	},
	[11] =    {
		["Color"] = Color3.new(0.105882, 0.164706, 0.207843),
		["Material"] = Enum.Material.SmoothPlastic,
		["Name"] = "Part",
		["Shape"] = Enum.PartType.Cylinder,
		["Size"] = Vector3.new(0.118149638, 0.442316294, 0.65670383),
		["Transparency"] = 0,
		["WeldC0"] = CFrame.new(-0.599239349, -0.0059967041, 0, 1, -7.10542736e-15, 0, -7.10542736e-15, 1, -7.81596061e-14, 0, -7.81596061e-14, 1)
	},
	[12] =    {
		["Color"] = Color3.new(0.105882, 0.164706, 0.207843),
		["Material"] = Enum.Material.SmoothPlastic,
		["Name"] = "Part",
		["Shape"] = Enum.PartType.Cylinder,
		["Size"] = Vector3.new(0.0581496954, 0.442316294, 0.65670383),
		["Transparency"] = 0,
		["WeldC0"] = CFrame.new(0.630760193, -0.0059967041, 0, 1, -7.10542736e-15, 0, -7.10542736e-15, 1, -7.81596061e-14, 0, -7.81596061e-14, 1)
	}
}


return module
]]></ProtectedString>
					<string name="ScriptGuid">{FA36BDA3-8FEA-4379-8E99-48AD229A232C}</string>
					<BinaryString name="AttributesSerialize"></BinaryString>
					<SecurityCapabilities name="Capabilities">0</SecurityCapabilities>
					<bool name="DefinesCapabilities">false</bool>
					<string name="Name">Headphone</string>
					<int64 name="SourceAssetId">-1</int64>
					<BinaryString name="Tags"></BinaryString>
				</Properties>
			</Item>
			<Item class="ModuleScript" referent="RBX20ACFE56E8C04867ADB917DF869923DF">
				<Properties>
					<Content name="LinkedSource"><null></null></Content>
					<ProtectedString name="Source"><![CDATA[local module = {
	[1] = {
		["Transparency"] = 0,
		["Name"] = "Head",
		["Shape"] = Enum.PartType.Block,
		["Color"] = Color3.new(0.886275, 0.607843, 0.25098),
		["Material"] = Enum.Material.Cardboard,
		["WeldC0"] = CFrame.new(0, 0.62499094, 0, 1, -2.84217094e-14, 3.33214423e-27, -2.84217094e-14, 1, -3.12638424e-13, 3.33214423e-27, -3.12638424e-13, 1),
		["Size"] = Vector3.new(1.5399999618530273, 0.22999991476535797, 1.3399999141693115)
	},
	[2] = {
		["Transparency"] = 0,
		["Name"] = "Head",
		["Shape"] = Enum.PartType.Block,
		["Color"] = Color3.new(0.886275, 0.607843, 0.25098),
		["Material"] = Enum.Material.Cardboard,
		["WeldC0"] = CFrame.new(0, 0.0949907303, 0, 1, -2.84217094e-14, 3.33214423e-27, -2.84217094e-14, 1, -3.12638424e-13, 3.33214423e-27, -3.12638424e-13, 1),
		["Size"] = Vector3.new(1.5, 1.2699999809265137, 1.2999999523162842)
	},
	[3] = {
		["Transparency"] = 0,
		["Name"] = "Head",
		["Shape"] = Enum.PartType.Block,
		["Color"] = Color3.new(0.886275, 0.607843, 0.25098),
		["Material"] = Enum.Material.Cardboard,
		["WeldC0"] = CFrame.new(0, 0.62499094, 0, 1, -2.84217094e-14, 3.33214423e-27, -2.84217094e-14, 1, -3.12638424e-13, 3.33214423e-27, -3.12638424e-13, 1),
		["Size"] = Vector3.new(1.5399999618530273, 0.22999991476535797, 1.3399999141693115)
	},
	[4] = {
		["Transparency"] = 0,
		["Name"] = "Head",
		["Shape"] = Enum.PartType.Block,
		["Color"] = Color3.new(0.972549, 0.972549, 0.972549),
		["Material"] = Enum.Material.Cardboard,
		["WeldC0"] = CFrame.new(-0.395000458, 0.724990845, 0.319999695, 1, -1.42108547e-14, 5.55357403e-28, -1.42108547e-14, 1, -1.56319212e-13, 5.55357403e-28, -1.56319212e-13, 1),
		["Size"] = Vector3.new(0.6499999761581421, 0.049999915063381195, 0.5399999618530273)
	},
	[5] = {
		["Transparency"] = 0,
		["Name"] = "Head",
		["Shape"] = Enum.PartType.Block,
		["Color"] = Color3.new(1, 0, 0),
		["Material"] = Enum.Material.Cardboard,
		["WeldC0"] = CFrame.new(-0.265003204, 0.729990959, 0.38999939, 1, -1.42108547e-14, 5.55357403e-28, -1.42108547e-14, 1, -1.56319212e-13, 5.55357403e-28, -1.56319212e-13, 1),
		["Size"] = Vector3.new(0.22999997437000275, 0.059999916702508926, 0.21999993920326233)
	},
	[6] = {
		["Transparency"] = 0,
		["Name"] = "Head",
		["Shape"] = Enum.PartType.Block,
		["Color"] = Color3.new(0.105882, 0.164706, 0.207843),
		["Material"] = Enum.Material.Cardboard,
		["WeldC0"] = CFrame.new(-0.54000473, 0.729990959, 0.459999084, 1, -1.42108547e-14, 5.55357403e-28, -1.42108547e-14, 1, -1.56319212e-13, 5.55357403e-28, -1.56319212e-13, 1),
		["Size"] = Vector3.new(0.19999992847442627, 0.059999916702508926, 0.07999993860721588)
	},
	[7] = {
		["Transparency"] = 0,
		["Name"] = "Head",
		["Shape"] = Enum.PartType.Block,
		["Color"] = Color3.new(0.105882, 0.164706, 0.207843),
		["Material"] = Enum.Material.Cardboard,
		["WeldC0"] = CFrame.new(-0.390003204, 0.729990959, 0.200004578, 1, -1.42108547e-14, 5.55357403e-28, -1.42108547e-14, 1, -1.56319212e-13, 5.55357403e-28, -1.56319212e-13, 1),
		["Size"] = Vector3.new(0.49999991059303284, 0.059999916702508926, 0.019999951124191284)
	},
	[8] = {
		["Transparency"] = 0,
		["Name"] = "Head",
		["Shape"] = Enum.PartType.Block,
		["Color"] = Color3.new(0.105882, 0.164706, 0.207843),
		["Material"] = Enum.Material.Cardboard,
		["WeldC0"] = CFrame.new(-0.390003204, 0.729990959, 0.160003662, 1, -1.42108547e-14, 5.55357403e-28, -1.42108547e-14, 1, -1.56319212e-13, 5.55357403e-28, -1.56319212e-13, 1),
		["Size"] = Vector3.new(0.49999991059303284, 0.059999916702508926, 0.019999951124191284)
	},
	[9] = {
		["Transparency"] = 0,
		["Name"] = "Head",
		["Shape"] = Enum.PartType.Block,
		["Color"] = Color3.new(0.105882, 0.164706, 0.207843),
		["Material"] = Enum.Material.Cardboard,
		["WeldC0"] = CFrame.new(-0.390003204, 0.729990959, 0.120002747, 1, -1.42108547e-14, 5.55357403e-28, -1.42108547e-14, 1, -1.56319212e-13, 5.55357403e-28, -1.56319212e-13, 1),
		["Size"] = Vector3.new(0.49999991059303284, 0.059999916702508926, 0.019999951124191284)
	},
	[10] = {
		["Transparency"] = 0,
		["Name"] = "Head",
		["Shape"] = Enum.PartType.Block,
		["Color"] = Color3.new(0.105882, 0.164706, 0.207843),
		["Material"] = Enum.Material.Cardboard,
		["WeldC0"] = CFrame.new(-0.390003204, 0.729990959, 0.0900039673, 1, -1.42108547e-14, 5.55357403e-28, -1.42108547e-14, 1, -1.56319212e-13, 5.55357403e-28, -1.56319212e-13, 1),
		["Size"] = Vector3.new(0.49999991059303284, 0.059999916702508926, 0.019999951124191284)
	},
	[11] = {
		["Transparency"] = 0,
		["Name"] = "Head",
		["Shape"] = Enum.PartType.Block,
		["Color"] = Color3.new(0.105882, 0.164706, 0.207843),
		["Material"] = Enum.Material.Cardboard,
		["WeldC0"] = CFrame.new(-0.390003204, 0.729990959, 0.240005493, 1, -1.42108547e-14, 5.55357403e-28, -1.42108547e-14, 1, -1.56319212e-13, 5.55357403e-28, -1.56319212e-13, 1),
		["Size"] = Vector3.new(0.49999991059303284, 0.059999916702508926, 0.019999951124191284)
	},
	[12] = {
		["Transparency"] = 0,
		["Name"] = "Head",
		["Shape"] = Enum.PartType.Block,
		["Color"] = Color3.new(0.105882, 0.164706, 0.207843),
		["Material"] = Enum.Material.Cardboard,
		["WeldC0"] = CFrame.new(-0.54000473, 0.729990959, 0.380004883, 1, -1.42108547e-14, 5.55357403e-28, -1.42108547e-14, 1, -1.56319212e-13, 5.55357403e-28, -1.56319212e-13, 1),
		["Size"] = Vector3.new(0.19999992847442627, 0.059999916702508926, 0.019999951124191284)
	},
	[13] = {
		["Transparency"] = 0,
		["Name"] = "Head",
		["Shape"] = Enum.PartType.Block,
		["Color"] = Color3.new(0.105882, 0.164706, 0.207843),
		["Material"] = Enum.Material.Cardboard,
		["WeldC0"] = CFrame.new(-0.54000473, 0.729990959, 0.340003967, 1, -1.42108547e-14, 5.55357403e-28, -1.42108547e-14, 1, -1.56319212e-13, 5.55357403e-28, -1.56319212e-13, 1),
		["Size"] = Vector3.new(0.19999992847442627, 0.059999916702508926, 0.019999951124191284)
	},
	[14] = {
		["Transparency"] = 0,
		["Name"] = "Head",
		["Shape"] = Enum.PartType.Block,
		["Color"] = Color3.new(0.105882, 0.164706, 0.207843),
		["Material"] = Enum.Material.Cardboard,
		["WeldC0"] = CFrame.new(-0.54000473, 0.729990959, 0.300003052, 1, -1.42108547e-14, 5.55357403e-28, -1.42108547e-14, 1, -1.56319212e-13, 5.55357403e-28, -1.56319212e-13, 1),
		["Size"] = Vector3.new(0.19999992847442627, 0.059999916702508926, 0.019999951124191284)
	},
	[15] = {
		["Transparency"] = 0,
		["Name"] = "Head",
		["Shape"] = Enum.PartType.Block,
		["Color"] = Color3.new(0.105882, 0.164706, 0.207843),
		["Material"] = Enum.Material.Cardboard,
		["WeldC0"] = CFrame.new(-0.54000473, 0.729990959, 0.520004272, 1, -1.42108547e-14, 5.55357403e-28, -1.42108547e-14, 1, -1.56319212e-13, 5.55357403e-28, -1.56319212e-13, 1),
		["Size"] = Vector3.new(0.19999992847442627, 0.059999916702508926, 0.019999951124191284)
	}
}

return module
]]></ProtectedString>
					<string name="ScriptGuid">{5224AAAB-FEE9-4891-A93E-7F83D7F51240}</string>
					<BinaryString name="AttributesSerialize">AQAAAAYAAABPTkVPRkYDAQ==</BinaryString>
					<SecurityCapabilities name="Capabilities">0</SecurityCapabilities>
					<bool name="DefinesCapabilities">false</bool>
					<string name="Name">Box</string>
					<int64 name="SourceAssetId">-1</int64>
					<BinaryString name="Tags"></BinaryString>
				</Properties>
			</Item>
			<Item class="ModuleScript" referent="RBX1EA5BDF0BFCF46DF94A5C3FA88082C02">
				<Properties>
					<Content name="LinkedSource"><null></null></Content>
					<ProtectedString name="Source"><![CDATA[local module = {
	[1] = {
		["Transparency"] = 0,
		["Name"] = "Head",
		["Shape"] = Enum.PartType.Block,
		["Color"] = Color3.new(0.886275, 0.607843, 0.25098),
		["Material"] = Enum.Material.Cardboard,
		["WeldC0"] = CFrame.new(0, 0.62499094, 0, 1, -2.84217094e-14, 3.33214423e-27, -2.84217094e-14, 1, -3.12638424e-13, 3.33214423e-27, -3.12638424e-13, 1),
		["Size"] = Vector3.new(1.2799999713897705, 0.22999991476535797, 1.2399998903274536)
	},
	[2] = {
		["Transparency"] = 0,
		["Name"] = "Head",
		["Shape"] = Enum.PartType.Block,
		["Color"] = Color3.new(0.886275, 0.607843, 0.25098),
		["Material"] = Enum.Material.Cardboard,
		["WeldC0"] = CFrame.new(0, 0.0599908829, -0.630004883, 1, -1.42108547e-14, 5.55357403e-28, -1.42108547e-14, 1, -1.56319212e-13, 5.55357403e-28, -1.56319212e-13, 1),
		["Size"] = Vector3.new(1.2799999713897705, 1.3599998950958252, 0.07999992370605469)
	},
	[3] = {
		["Transparency"] = 0,
		["Name"] = "Head",
		["Shape"] = Enum.PartType.Block,
		["Color"] = Color3.new(0.886275, 0.607843, 0.25098),
		["Material"] = Enum.Material.Cardboard,
		["WeldC0"] = CFrame.new(0, 0.0599908829, 0.580001831, 1, -1.42108547e-14, 5.55357403e-28, -1.42108547e-14, 1, -1.56319212e-13, 5.55357403e-28, -1.56319212e-13, 1),
		["Size"] = Vector3.new(1.2799999713897705, 1.3599998950958252, 0.07999992370605469)
	},
	[4] = {
		["Transparency"] = 0,
		["Name"] = "Head",
		["Shape"] = Enum.PartType.Block,
		["Color"] = Color3.new(0.886275, 0.607843, 0.25098),
		["Material"] = Enum.Material.Cardboard,
		["WeldC0"] = CFrame.new(0.605766296, 0.114990711, -0.0257644653, -5.55357403e-28, -1.42108547e-14, 1, 1.56319212e-13, 1, -1.42108547e-14, -1, -1.56319212e-13, 5.55357403e-28),
		["Size"] = Vector3.new(1.2799999713897705, 1.2499998807907104, 0.07999992370605469)
	},
	[5] = {
		["Transparency"] = 0,
		["Name"] = "Head",
		["Shape"] = Enum.PartType.Block,
		["Color"] = Color3.new(0.886275, 0.607843, 0.25098),
		["Material"] = Enum.Material.Cardboard,
		["WeldC0"] = CFrame.new(-0.604236603, 0.12499094, -0.0257644653, -5.55357403e-28, -1.42108547e-14, 1, 1.56319212e-13, 1, -1.42108547e-14, -1, -1.56319212e-13, 5.55357403e-28),
		["Size"] = Vector3.new(1.2799999713897705, 1.2299998998641968, 0.07999992370605469)
	},
	[6] = {
		["Transparency"] = 0,
		["Name"] = "Head",
		["Shape"] = Enum.PartType.CornerWedge,
		["Color"] = Color3.new(0.886275, 0.607843, 0.25098),
		["Material"] = Enum.Material.Cardboard,
		["WeldC0"] = CFrame.new(0, -0.490008831, -0.630004883, -1, 1.42108547e-14, 5.55357403e-28, 1.42108547e-14, -1, -1.56319212e-13, -5.55357403e-28, 1.56319212e-13, 1),
		["Size"] = Vector3.new(1.2799999713897705, 0.6799999475479126, 0.07999992370605469)
	},
	[7] = {
		["Transparency"] = 0,
		["Name"] = "Head",
		["Shape"] = Enum.PartType.CornerWedge,
		["Color"] = Color3.new(0.886275, 0.607843, 0.25098),
		["Material"] = Enum.Material.Cardboard,
		["WeldC0"] = CFrame.new(0, -0.490009308, -0.660003662, 1, 1.39003138e-14, -2.95460296e-15, -1.42108547e-14, -0.978147626, 0.2079117, 5.55357403e-28, -0.2079117, -0.978147626),
		["Size"] = Vector3.new(1.2799999713897705, 0.6799999475479126, 0.07999992370605469)
	},
	[8] = {
		["Transparency"] = 0,
		["Name"] = "Head",
		["Shape"] = Enum.PartType.CornerWedge,
		["Color"] = Color3.new(0.886275, 0.607843, 0.25098),
		["Material"] = Enum.Material.Cardboard,
		["WeldC0"] = CFrame.new(-0.220001221, -0.490009308, -0.660003662, 1, 1.39003138e-14, -2.95460296e-15, -1.42108547e-14, -0.978147626, 0.2079117, 5.55357403e-28, -0.2079117, -0.978147626),
		["Size"] = Vector3.new(0.8199999928474426, 0.6799999475479126, 0.07999992370605469)
	},
	[9] = {
		["Transparency"] = 0,
		["Name"] = "Head",
		["Shape"] = Enum.PartType.CornerWedge,
		["Color"] = Color3.new(0.886275, 0.607843, 0.25098),
		["Material"] = Enum.Material.Cardboard,
		["WeldC0"] = CFrame.new(0, -0.490009308, 0.609985352, -1, 1.39003138e-14, -2.95460296e-15, 1.42108547e-14, -0.978147626, 0.2079117, -5.55357403e-28, 0.2079117, 0.978147626),
		["Size"] = Vector3.new(1.2799999713897705, 0.6799999475479126, 0.07999992370605469)
	},
	[10] = {
		["Transparency"] = 0,
		["Name"] = "Head",
		["Shape"] = Enum.PartType.CornerWedge,
		["Color"] = Color3.new(0.886275, 0.607843, 0.25098),
		["Material"] = Enum.Material.Cardboard,
		["WeldC0"] = CFrame.new(0, -0.490008831, 0.579986572, 1, 1.42108547e-14, -5.55357403e-28, -1.42108547e-14, -1, 1.56319212e-13, 5.55357403e-28, 1.56319212e-13, -1),
		["Size"] = Vector3.new(1.2799999713897705, 0.6799999475479126, 0.07999992370605469)
	},
	[11] = {
		["Transparency"] = 0,
		["Name"] = "Head",
		["Shape"] = Enum.PartType.CornerWedge,
		["Color"] = Color3.new(0.886275, 0.607843, 0.25098),
		["Material"] = Enum.Material.Cardboard,
		["WeldC0"] = CFrame.new(0.220001221, -0.490009308, 0.609985352, -1, 1.39003138e-14, -2.95460296e-15, 1.42108547e-14, -0.978147626, 0.2079117, -5.55357403e-28, 0.2079117, 0.978147626),
		["Size"] = Vector3.new(0.8199999928474426, 0.6799999475479126, 0.07999992370605469)
	},
	[12] = {
		["Transparency"] = 0,
		["Name"] = "Head",
		["Shape"] = Enum.PartType.CornerWedge,
		["Color"] = Color3.new(0.886275, 0.607843, 0.25098),
		["Material"] = Enum.Material.Cardboard,
		["WeldC0"] = CFrame.new(0.557498932, -0.660300255, -0.588783264, 1, 1.41913806e-14, -7.4373855e-16, -1.42108547e-14, -0.99862963, 0.0523359478, 5.55357403e-28, -0.0523359478, -0.998629689),
		["Size"] = Vector3.new(0.1599999964237213, 0.3399999737739563, 0.17999990284442902)
	},
	[13] = {
		["Transparency"] = 0,
		["Name"] = "Head",
		["Shape"] = Enum.PartType.CornerWedge,
		["Color"] = Color3.new(0.886275, 0.607843, 0.25098),
		["Material"] = Enum.Material.Cardboard,
		["WeldC0"] = CFrame.new(0.557498932, -0.660300255, 0.501213074, 1, 1.41913806e-14, -7.4373855e-16, -1.42108547e-14, -0.99862963, 0.0523359478, 5.55357403e-28, -0.0523359478, -0.998629689),
		["Size"] = Vector3.new(0.1599999964237213, 0.3399999737739563, 0.17999990284442902)
	},
	[14] = {
		["Transparency"] = 0,
		["Name"] = "Head",
		["Shape"] = Enum.PartType.CornerWedge,
		["Color"] = Color3.new(0.886275, 0.607843, 0.25098),
		["Material"] = Enum.Material.Cardboard,
		["WeldC0"] = CFrame.new(-0.5625, -0.660300255, 0.521209717, -1, 1.41913789e-14, -7.43738497e-16, 1.42108547e-14, -0.99862951, 0.052335944, -5.55357403e-28, 0.0523359403, 0.99862957),
		["Size"] = Vector3.new(0.1599999964237213, 0.3399999737739563, 0.17999990284442902)
	},
	[15] = {
		["Transparency"] = 0,
		["Name"] = "Head",
		["Shape"] = Enum.PartType.CornerWedge,
		["Color"] = Color3.new(0.886275, 0.607843, 0.25098),
		["Material"] = Enum.Material.Cardboard,
		["WeldC0"] = CFrame.new(-0.5625, -0.660300255, -0.518791199, -1, 1.41913789e-14, -7.43738497e-16, 1.42108547e-14, -0.99862951, 0.052335944, -5.55357403e-28, 0.0523359403, 0.99862957),
		["Size"] = Vector3.new(0.1599999964237213, 0.3399999737739563, 0.17999990284442902)
	}
}

return module
]]></ProtectedString>
					<string name="ScriptGuid">{582ED56C-FC02-4F23-904F-0F30ED32CA0A}</string>
					<BinaryString name="AttributesSerialize">AQAAAAYAAABPTkVPRkYDAQ==</BinaryString>
					<SecurityCapabilities name="Capabilities">0</SecurityCapabilities>
					<bool name="DefinesCapabilities">false</bool>
					<string name="Name">Paperbag</string>
					<int64 name="SourceAssetId">-1</int64>
					<BinaryString name="Tags"></BinaryString>
				</Properties>
			</Item>
			<Item class="ModuleScript" referent="RBX05D9A279A99C47F282043537790348A3">
				<Properties>
					<Content name="LinkedSource"><null></null></Content>
					<ProtectedString name="Source"><![CDATA[local module = {
	[1] = {
		["Transparency"] = 0,
		["Name"] = "Head",
		["Shape"] = Enum.PartType.Block,
		["Color"] = Color3.new(1, 0, 0),
		["Material"] = Enum.Material.Neon,
		["WeldC0"] = CFrame.new(0, 1.39999104, 0.00499725342, 1, -2.84217094e-14, 3.33214423e-27, -2.84217094e-14, 1, -3.12638424e-13, 3.33214423e-27, -3.12638424e-13, 1),
		["Size"] = Vector3.new(0.1599999964237213, 0.5999999046325684, 0.10999992489814758)
	},
	[2] = {
		["Transparency"] = 0,
		["Name"] = "Head",
		["Shape"] = Enum.PartType.Block,
		["Color"] = Color3.new(1, 0, 0),
		["Material"] = Enum.Material.Neon,
		["WeldC0"] = CFrame.new(-0.0974998474, 1.30905724, 0.00499725342, 0.866025388, -0.5, 5.55357403e-28, 0.5, 0.866025388, -1.56319212e-13, -7.81596061e-14, -1.35376411e-13, 1),
		["Size"] = Vector3.new(0.1599999964237213, 0.3899999260902405, 0.10999992489814758)
	},
	[3] = {
		["Transparency"] = 0,
		["Name"] = "Head",
		["Shape"] = Enum.PartType.Block,
		["Color"] = Color3.new(1, 0, 0),
		["Material"] = Enum.Material.Neon,
		["WeldC0"] = CFrame.new(0.102500916, 1.30905724, 0.00499725342, -0.866025388, 0.5, -5.55357403e-28, 0.5, 0.866025388, 1.56319212e-13, -7.81596061e-14, -1.35376411e-13, -1),
		["Size"] = Vector3.new(0.1599999964237213, 0.3899999260902405, 0.10999992489814758)
	},
	[4] = {
		["Transparency"] = 0,
		["Name"] = "Head",
		["Shape"] = Enum.PartType.Block,
		["Color"] = Color3.new(1, 0, 0),
		["Material"] = Enum.Material.Neon,
		["WeldC0"] = CFrame.new(0.0170860291, 1.13141203, 0.00499725342, 0.629320323, -0.777145982, 5.55357403e-28, 0.777145982, 0.629320323, -1.56319212e-13, -1.21482848e-13, -9.83748605e-14, 1),
		["Size"] = Vector3.new(0.14999999105930328, 0.10999993979930878, 0.10999992489814758)
	},
	[5] = {
		["Transparency"] = 0,
		["Name"] = "Head",
		["Shape"] = Enum.PartType.Block,
		["Color"] = Color3.new(1, 0, 0),
		["Material"] = Enum.Material.Neon,
		["WeldC0"] = CFrame.new(0.00250244141, 1.13141203, 0.0195770264, -1.10439086e-14, -8.94317969e-15, -1, 0.777145982, 0.629320323, 1.42108547e-14, 0.629320323, -0.777145982, -5.55357403e-28),
		["Size"] = Vector3.new(0.14999999105930328, 0.10999993979930878, 0.10999992489814758)
	},
	[6] = {
		["Transparency"] = 0,
		["Name"] = "Head",
		["Shape"] = Enum.PartType.Block,
		["Color"] = Color3.new(1, 0, 0),
		["Material"] = Enum.Material.Neon,
		["WeldC0"] = CFrame.new(0.00250244141, 1.30905724, 0.104995728, -7.10542736e-15, -1.2306961e-14, 1, 0.5, 0.866025388, -1.42108547e-14, -0.866025388, 0.5, 5.55357403e-28),
		["Size"] = Vector3.new(0.1599999964237213, 0.3899999260902405, 0.10999992489814758)
	},
	[7] = {
		["Transparency"] = 0,
		["Name"] = "Head",
		["Shape"] = Enum.PartType.Block,
		["Color"] = Color3.new(1, 0, 0),
		["Material"] = Enum.Material.Neon,
		["WeldC0"] = CFrame.new(0.00250244141, 1.30905724, -0.0950012207, -7.10542736e-15, -1.2306961e-14, -1, 0.5, 0.866025388, 1.42108547e-14, 0.866025388, -0.5, -5.55357403e-28),
		["Size"] = Vector3.new(0.1599999964237213, 0.3899999260902405, 0.10999992489814758)
	},
	[8] = {
		["Transparency"] = 0,
		["Name"] = "Head",
		["Shape"] = Enum.PartType.Block,
		["Color"] = Color3.new(1, 0, 0),
		["Material"] = Enum.Material.Neon,
		["WeldC0"] = CFrame.new(0.00250244141, 1.39999104, 0.00249481201, 5.55357403e-28, -1.42108547e-14, -1, -1.56319212e-13, 1, 1.42108547e-14, 1, -1.56319212e-13, -5.55357403e-28),
		["Size"] = Vector3.new(0.1599999964237213, 0.5999999046325684, 0.10999992489814758)
	}
}

return module
]]></ProtectedString>
					<string name="ScriptGuid">{309C82D5-AEB6-4382-8873-7B913D5E6AED}</string>
					<BinaryString name="AttributesSerialize"></BinaryString>
					<SecurityCapabilities name="Capabilities">0</SecurityCapabilities>
					<bool name="DefinesCapabilities">false</bool>
					<string name="Name">ARROW</string>
					<int64 name="SourceAssetId">-1</int64>
					<BinaryString name="Tags"></BinaryString>
				</Properties>
			</Item>
			<Item class="ModuleScript" referent="RBXF7934FB8C2684FB8AA06E127341B57BF">
				<Properties>
					<Content name="LinkedSource"><null></null></Content>
					<ProtectedString name="Source"><![CDATA[
local thingo = {
	[1] = {
		["Transparency"] = 0,
		["Name"] = "Head",
		["Shape"] = Enum.PartType.Block,
		["Color"] = Color3.new(0.172549, 0.396078, 0.113725),
		["Material"] = Enum.Material.Plastic,
		["WeldC0"] = CFrame.new(-0.0120811462, 1.15744114, 0.00499725342, -0.629320323, 0.777145982, 5.55357403e-28, -0.777145982, -0.629320323, -1.56319212e-13, 1.21482848e-13, 9.83748605e-14, 1),
		["Size"] = Vector3.new(0.14999999105930328, 0.10999993979930878, 0.10999992489814758)
	},
	[2] = {
		["Transparency"] = 0,
		["Name"] = "Head",
		["Shape"] = Enum.PartType.Block,
		["Color"] = Color3.new(0.172549, 0.396078, 0.113725),
		["Material"] = Enum.Material.Plastic,
		["WeldC0"] = CFrame.new(0.00250244141, 1.15744114, 0.0195770264, 1.10439086e-14, 8.94317969e-15, 1, -0.777145982, -0.629320323, -1.42108547e-14, 0.629320323, -0.777145982, 5.55357403e-28),
		["Size"] = Vector3.new(0.14999999105930328, 0.10999993979930878, 0.10999992489814758)
	},
	[3] = {
		["Transparency"] = 0,
		["Name"] = "Head",
		["Shape"] = Enum.PartType.Block,
		["Color"] = Color3.new(0.172549, 0.396078, 0.113725),
		["Material"] = Enum.Material.Plastic,
		["WeldC0"] = CFrame.new(0.00250244141, 0.979797363, 0.104995728, 1.2306961e-14, 7.10542736e-15, -1, -0.866025388, -0.5, 1.42108547e-14, -0.5, 0.866025388, -5.55357403e-28),
		["Size"] = Vector3.new(0.1599999964237213, 0.3899999260902405, 0.10999992489814758)
	},
	[4] = {
		["Transparency"] = 0,
		["Name"] = "Head",
		["Shape"] = Enum.PartType.Block,
		["Color"] = Color3.new(0.172549, 0.396078, 0.113725),
		["Material"] = Enum.Material.Plastic,
		["WeldC0"] = CFrame.new(0.00250244141, 0.979791164, -0.0950012207, 1.19182288e-14, 7.73978727e-15, 1, -0.83867079, -0.544639111, -1.42108547e-14, 0.544639051, -0.838670671, 5.55357403e-28),
		["Size"] = Vector3.new(0.1599999964237213, 0.3899999260902405, 0.10999992489814758)
	},
	[5] = {
		["Transparency"] = 0,
		["Name"] = "Head",
		["Shape"] = Enum.PartType.Block,
		["Color"] = Color3.new(0.337255, 0.141176, 0.141176),
		["Material"] = Enum.Material.Wood,
		["WeldC0"] = CFrame.new(0.00250244141, 0.888861656, 0.00249481201, 5.55357403e-28, 1.42108547e-14, 1, -1.56319212e-13, -1, -1.42108547e-14, 1, 1.56319212e-13, 5.55357403e-28),
		["Size"] = Vector3.new(0.1599999964237213, 0.5999999046325684, 0.10999992489814758)
	},
	[6] = {
		["Transparency"] = 0,
		["Name"] = "Head",
		["Shape"] = Enum.PartType.Block,
		["Color"] = Color3.new(0.172549, 0.396078, 0.113725),
		["Material"] = Enum.Material.Plastic,
		["WeldC0"] = CFrame.new(0.00250244141, 1.13210058, -0.18976593, 1.19182288e-14, 7.73978727e-15, 1, -0.83867079, -0.544639111, -1.42108547e-14, 0.544639051, -0.838670671, 5.55357403e-28),
		["Size"] = Vector3.new(0.11999999731779099, 0.5899999141693115, 0.10999992489814758)
	},
	[7] = {
		["Transparency"] = 0,
		["Name"] = "Head",
		["Shape"] = Enum.PartType.Block,
		["Color"] = Color3.new(0.172549, 0.396078, 0.113725),
		["Material"] = Enum.Material.Plastic,
		["WeldC0"] = CFrame.new(0.00250244141, 1.15644836, 0.178115845, 1.2306961e-14, 7.10542736e-15, -1, -0.866025388, -0.5, 1.42108547e-14, -0.5, 0.866025388, -5.55357403e-28),
		["Size"] = Vector3.new(0.10999999940395355, 0.5299999117851257, 0.10999992489814758)
	},
	[8] = {
		["Transparency"] = 0,
		["Name"] = "Head",
		["Shape"] = Enum.PartType.Block,
		["Color"] = Color3.new(0.172549, 0.396078, 0.113725),
		["Material"] = Enum.Material.Plastic,
		["WeldC0"] = CFrame.new(0.00250244141, 1.35394812, 0.14780426, 1.2306961e-14, 7.10542736e-15, -1, -0.866025388, -0.5, 1.42108547e-14, -0.5, 0.866025388, -5.55357403e-28),
		["Size"] = Vector3.new(0.10999999940395355, 0.4599999189376831, 0.10999992489814758)
	},
	[9] = {
		["Transparency"] = 0,
		["Name"] = "Head",
		["Shape"] = Enum.PartType.Block,
		["Color"] = Color3.new(0.172549, 0.396078, 0.113725),
		["Material"] = Enum.Material.Plastic,
		["WeldC0"] = CFrame.new(0.00250244141, 1.3420558, -0.143638611, 1.19182288e-14, 7.73978727e-15, 1, -0.83867079, -0.544639111, -1.42108547e-14, 0.544639051, -0.838670671, 5.55357403e-28),
		["Size"] = Vector3.new(0.11999999731779099, 0.4799998998641968, 0.10999992489814758)
	},
	[10] = {
		["Transparency"] = 0,
		["Name"] = "Head",
		["Shape"] = Enum.PartType.Block,
		["Color"] = Color3.new(0.172549, 0.396078, 0.113725),
		["Material"] = Enum.Material.Plastic,
		["WeldC0"] = CFrame.new(0.00250244141, 1.56562662, -0.0765457153, 1.19182288e-14, 7.73978727e-15, 1, -0.83867079, -0.544639111, -1.42108547e-14, 0.544639051, -0.838670671, 5.55357403e-28),
		["Size"] = Vector3.new(0.11999999731779099, 0.31999990344047546, 0.10999992489814758)
	},
	[11] = {
		["Transparency"] = 0,
		["Name"] = "Head",
		["Shape"] = Enum.PartType.Block,
		["Color"] = Color3.new(0.172549, 0.396078, 0.113725),
		["Material"] = Enum.Material.Plastic,
		["WeldC0"] = CFrame.new(0.00250244141, 1.56644773, 0.0915145874, 1.2306961e-14, 7.10542736e-15, -1, -0.866025388, -0.5, 1.42108547e-14, -0.5, 0.866025388, -5.55357403e-28),
		["Size"] = Vector3.new(0.10999999940395355, 0.3299999237060547, 0.10999992489814758)
	},
	[12] = {
		["Transparency"] = 0,
		["Name"] = "Head",
		["Shape"] = Enum.PartType.Block,
		["Color"] = Color3.new(0.172549, 0.396078, 0.113725),
		["Material"] = Enum.Material.Plastic,
		["WeldC0"] = CFrame.new(0.0240859985, 1.15744114, -0.00199890137, 1.10439086e-14, 8.94317969e-15, 1, -0.777145982, -0.629320323, -1.42108547e-14, 0.629320323, -0.777145982, 5.55357403e-28),
		["Size"] = Vector3.new(0.14999999105930328, 0.10999993979930878, 0.10999992489814758)
	},
	[13] = {
		["Transparency"] = 0,
		["Name"] = "Head",
		["Shape"] = Enum.PartType.Block,
		["Color"] = Color3.new(0.172549, 0.396078, 0.113725),
		["Material"] = Enum.Material.Plastic,
		["WeldC0"] = CFrame.new(0.0386657715, 1.15744114, -0.0165863037, 0.629320323, -0.777145982, -5.55357403e-28, -0.777145982, -0.629320323, 1.56319212e-13, 1.21482848e-13, 9.83748605e-14, -1),
		["Size"] = Vector3.new(0.14999999105930328, 0.10999993979930878, 0.10999992489814758)
	},
	[14] = {
		["Transparency"] = 0,
		["Name"] = "Head",
		["Shape"] = Enum.PartType.Block,
		["Color"] = Color3.new(0.172549, 0.396078, 0.113725),
		["Material"] = Enum.Material.Plastic,
		["WeldC0"] = CFrame.new(0.124084473, 0.979797363, -0.0165863037, -0.5, 0.866025388, 5.55357403e-28, -0.866025388, -0.5, -1.56319212e-13, 1.35376411e-13, 7.81596061e-14, 1),
		["Size"] = Vector3.new(0.1599999964237213, 0.3899999260902405, 0.10999992489814758)
	},
	[15] = {
		["Transparency"] = 0,
		["Name"] = "Head",
		["Shape"] = Enum.PartType.Block,
		["Color"] = Color3.new(0.172549, 0.396078, 0.113725),
		["Material"] = Enum.Material.Plastic,
		["WeldC0"] = CFrame.new(-0.0759124756, 0.979791164, -0.0165863037, 0.544639051, -0.838670671, -5.55357403e-28, -0.83867079, -0.544639111, 1.56319212e-13, 1.31100358e-13, 8.51375584e-14, -1),
		["Size"] = Vector3.new(0.1599999964237213, 0.3899999260902405, 0.10999992489814758)
	},
	[16] = {
		["Transparency"] = 0,
		["Name"] = "Head",
		["Shape"] = Enum.PartType.Block,
		["Color"] = Color3.new(0.337255, 0.141176, 0.141176),
		["Material"] = Enum.Material.Wood,
		["WeldC0"] = CFrame.new(0.0215835571, 0.888861656, -0.0165863037, 1, 1.42108547e-14, -5.55357403e-28, -1.42108547e-14, -1, 1.56319212e-13, 5.55357403e-28, 1.56319212e-13, -1),
		["Size"] = Vector3.new(0.1599999964237213, 0.5999999046325684, 0.10999992489814758)
	},
	[17] = {
		["Transparency"] = 0,
		["Name"] = "Head",
		["Shape"] = Enum.PartType.Block,
		["Color"] = Color3.new(0.172549, 0.396078, 0.113725),
		["Material"] = Enum.Material.Plastic,
		["WeldC0"] = CFrame.new(-0.170677185, 1.13210058, -0.0165863037, 0.544639051, -0.838670671, -5.55357403e-28, -0.83867079, -0.544639111, 1.56319212e-13, 1.31100358e-13, 8.51375584e-14, -1),
		["Size"] = Vector3.new(0.11999999731779099, 0.5899999141693115, 0.10999992489814758)
	},
	[18] = {
		["Transparency"] = 0,
		["Name"] = "Head",
		["Shape"] = Enum.PartType.Block,
		["Color"] = Color3.new(0.172549, 0.396078, 0.113725),
		["Material"] = Enum.Material.Plastic,
		["WeldC0"] = CFrame.new(0.19720459, 1.15644836, -0.0165863037, -0.5, 0.866025388, 5.55357403e-28, -0.866025388, -0.5, -1.56319212e-13, 1.35376411e-13, 7.81596061e-14, 1),
		["Size"] = Vector3.new(0.10999999940395355, 0.5299999117851257, 0.10999992489814758)
	},
	[19] = {
		["Transparency"] = 0,
		["Name"] = "Head",
		["Shape"] = Enum.PartType.Block,
		["Color"] = Color3.new(0.172549, 0.396078, 0.113725),
		["Material"] = Enum.Material.Plastic,
		["WeldC0"] = CFrame.new(0.166893005, 1.35394812, -0.0165863037, -0.5, 0.866025388, 5.55357403e-28, -0.866025388, -0.5, -1.56319212e-13, 1.35376411e-13, 7.81596061e-14, 1),
		["Size"] = Vector3.new(0.10999999940395355, 0.4599999189376831, 0.10999992489814758)
	},
	[20] = {
		["Transparency"] = 0,
		["Name"] = "Head",
		["Shape"] = Enum.PartType.Block,
		["Color"] = Color3.new(0.172549, 0.396078, 0.113725),
		["Material"] = Enum.Material.Plastic,
		["WeldC0"] = CFrame.new(-0.124549866, 1.3420558, -0.0165863037, 0.544639051, -0.838670671, -5.55357403e-28, -0.83867079, -0.544639111, 1.56319212e-13, 1.31100358e-13, 8.51375584e-14, -1),
		["Size"] = Vector3.new(0.11999999731779099, 0.4799998998641968, 0.10999992489814758)
	},
	[21] = {
		["Transparency"] = 0,
		["Name"] = "Head",
		["Shape"] = Enum.PartType.Block,
		["Color"] = Color3.new(0.172549, 0.396078, 0.113725),
		["Material"] = Enum.Material.Plastic,
		["WeldC0"] = CFrame.new(-0.0574569702, 1.56562662, -0.0165863037, 0.544639051, -0.838670671, -5.55357403e-28, -0.83867079, -0.544639111, 1.56319212e-13, 1.31100358e-13, 8.51375584e-14, -1),
		["Size"] = Vector3.new(0.11999999731779099, 0.31999990344047546, 0.10999992489814758)
	},
	[22] = {
		["Transparency"] = 0,
		["Name"] = "Head",
		["Shape"] = Enum.PartType.Block,
		["Color"] = Color3.new(0.172549, 0.396078, 0.113725),
		["Material"] = Enum.Material.Plastic,
		["WeldC0"] = CFrame.new(0.110603333, 1.56644773, -0.0165863037, -0.5, 0.866025388, 5.55357403e-28, -0.866025388, -0.5, -1.56319212e-13, 1.35376411e-13, 7.81596061e-14, 1),
		["Size"] = Vector3.new(0.10999999940395355, 0.3299999237060547, 0.10999992489814758)
	},
	[23] = {
		["Transparency"] = 0,
		["Name"] = "Head",
		["Shape"] = Enum.PartType.Block,
		["Color"] = Color3.new(0.172549, 0.396078, 0.113725),
